<?xml version="1.0" encoding="UTF-8"?>
<eop:Mask xmlns:eop="http://www.opengis.net/eop/2.0" xmlns:xsi="http://www.w3.org/2001/XMLSchema-instance" xmlns:gml="http://www.opengis.net/gml/3.2" gml:id="S2A_OPER_MSK_CLOUDS_SGS__20180206T011111_A013712_T48CWV_B00_MSIL1C">
  <gml:name>MSK_CLOUDS pixels mask from data-strip S2A_OPER_MSK_CLOUDS_SGS__20180206T011111_A013712_T48CWV_B00_MSIL1C</gml:name>
  <gml:boundedBy>
    <gml:Envelope srsName="urn:ogc:def:crs:EPSG:8.7:32748">
      <gml:lowerCorner>546240 1390780</gml:lowerCorner>
      <gml:upperCorner>609780 1500040</gml:upperCorner>
    </gml:Envelope>
  </gml:boundedBy>
  <eop:maskMembers>
    <eop:MaskFeature gml:id="OPAQUE.0">
      <eop:maskType codeSpace="urn:gs2:S2PDGS:maskType">OPAQUE</eop:maskType>
      <eop:extentOf>
        <gml:Polygon gml:id="OPAQUE.0_Polygon">
          <gml:exterior>
            <gml:LinearRing>
              <gml:posList srsDimension="2">588240 1500040 609780 1500040 609780 1390780 609540 1390780 609540 1390840 609480 1390840 609480 1391380 609180 1391380 609180 1391680 608880 1391680 608880 1391980 608580 1391980 608580 1392280 608280 1392280 608280 1392880 607980 1392880 607980 1393180 607680 1393180 607680 1393480 607380 1393480 607380 1393780 607080 1393780 607080 1394080 606780 1394080 606780 1394680 606480 1394680 606480 1394980 606180 1394980 606180 1395280 605880 1395280 605880 1395580 605580 1395580 605580 1395880 605280 1395880 605280 1396480 604980 1396480 604980 1396780 604680 1396780 604680 1397080 604380 1397080 604380 1397380 604080 1397380 604080 1397680 603780 1397680 603780 1397980 603540 1397980 603540 1398040 603480 1398040 603480 1398580 603180 1398580 603180 1398880 602880 1398880 602880 1399180 602580 1399180 602580 1399480 602280 1399480 602280 1399780 601980 1399780 601980 1400380 601680 1400380 601680 1400680 601380 1400680 601380 1400980 601080 1400980 601080 1401280 600780 1401280 600780 1401580 600480 1401580 600480 1402180 600180 1402180 600180 1402480 599880 1402480 599880 1402780 599580 1402780 599580 1403080 599280 1403080 599280 1403380 598980 1403380 598980 1403680 598740 1403680 598740 1403740 598680 1403740 598680 1404280 598380 1404280 598380 1404580 598080 1404580 598080 1404880 597780 1404880 597780 1405180 597480 1405180 597480 1405480 597180 1405480 597180 1405780 596940 1405780 596940 1405840 596880 1405840 596880 1406380 596580 1406380 596580 1406680 596280 1406680 596280 1406980 595980 1406980 595980 1407280 595740 1407280 595740 1407400 595800 1407400 595800 1407460 595860 1407460 595860 1407520 595920 1407520 595920 1407580 595980 1407580 595980 1407640 596100 1407640 596100 1407700 596160 1407700 596160 1407760 596220 1407760 596220 1407820 596280 1407820 596280 1408180 595980 1408180 595980 1408300 596100 1408300 596100 1408360 596160 1408360 596160 1408420 596220 1408420 596220 1408480 595980 1408480 595980 1408780 595680 1408780 595680 1409080 595440 1409080 595440 1409140 595380 1409140 595380 1409680 595080 1409680 595080 1409980 594780 1409980 594780 1410280 594480 1410280 594480 1410580 594180 1410580 594180 1410880 593880 1410880 593880 1411480 593580 1411480 593580 1411780 593280 1411780 593280 1412080 592980 1412080 592980 1412380 592680 1412380 592680 1412680 592380 1412680 592380 1413280 592080 1413280 592080 1413580 591780 1413580 591780 1413880 591480 1413880 591480 1414180 591180 1414180 591180 1414480 590880 1414480 590880 1415080 590580 1415080 590580 1415380 590280 1415380 590280 1415680 589980 1415680 589980 1415980 589680 1415980 589680 1416280 589380 1416280 589380 1416580 589080 1416580 589080 1417180 588780 1417180 588780 1417480 588480 1417480 588480 1417780 588180 1417780 588180 1418080 587880 1418080 587880 1418380 587580 1418380 587580 1418980 587280 1418980 587280 1419280 586980 1419280 586980 1419580 586680 1419580 586680 1419880 586380 1419880 586380 1420180 586080 1420180 586080 1420780 585780 1420780 585780 1421080 585480 1421080 585480 1421380 585180 1421380 585180 1421680 584880 1421680 584880 1421980 584580 1421980 584580 1422280 584280 1422280 584280 1422880 583980 1422880 583980 1423180 583680 1423180 583680 1423480 583380 1423480 583380 1423780 583080 1423780 583080 1424080 582780 1424080 582780 1424380 582540 1424380 582540 1424440 582480 1424440 582480 1424980 582180 1424980 582180 1425280 581880 1425280 581880 1425580 581580 1425580 581580 1425880 581280 1425880 581280 1426180 580980 1426180 580980 1426480 580740 1426480 580740 1426540 580680 1426540 580680 1427080 580140 1427080 580140 1426780 579840 1426780 579840 1426540 579600 1426540 579600 1426600 579540 1426600 579540 1426660 579480 1426660 579480 1427080 579180 1427080 579180 1427380 578880 1427380 578880 1427680 578580 1427680 578580 1427980 578340 1427980 578340 1428040 578280 1428040 578280 1428280 578040 1428280 578040 1428340 577980 1428340 577980 1428580 577800 1428580 577800 1428640 577740 1428640 577740 1428700 577680 1428700 577680 1429180 577380 1429180 577380 1429480 577080 1429480 577080 1429780 576780 1429780 576780 1430080 576480 1430080 576480 1430380 576240 1430380 576240 1430440 576180 1430440 576180 1430680 576000 1430680 576000 1430740 575940 1430740 575940 1430800 575880 1430800 575880 1431280 575580 1431280 575580 1431580 575280 1431580 575280 1431880 574980 1431880 574980 1432180 574680 1432180 574680 1432480 574440 1432480 574440 1432540 574380 1432540 574380 1432780 574140 1432780 574140 1432900 574080 1432900 574080 1433080 573900 1433080 573900 1433140 573840 1433140 573840 1433200 573780 1433200 573780 1433680 573480 1433680 573480 1433980 573180 1433980 573180 1434280 572880 1434280 572880 1434580 572580 1434580 572580 1434880 572340 1434880 572340 1434940 572280 1434940 572280 1435180 572100 1435180 572100 1435240 572040 1435240 572040 1435300 571980 1435300 571980 1435780 571680 1435780 571680 1436080 571380 1436080 571380 1436380 571080 1436380 571080 1436680 570780 1436680 570780 1436980 570480 1436980 570480 1437280 570240 1437280 570240 1437340 570180 1437340 570180 1437580 570000 1437580 570000 1437640 569940 1437640 569940 1437700 569880 1437700 569880 1438180 569580 1438180 569580 1438480 569280 1438480 569280 1438780 568980 1438780 568980 1439080 568680 1439080 568680 1439380 568440 1439380 568440 1439440 568380 1439440 568380 1439680 568140 1439680 568140 1439740 568080 1439740 568080 1439980 567900 1439980 567900 1440040 567840 1440040 567840 1440100 567780 1440100 567780 1440580 567480 1440580 567480 1440880 567180 1440880 567180 1441180 566880 1441180 566880 1441480 566580 1441480 566580 1441780 566340 1441780 566340 1441840 566280 1441840 566280 1442080 566040 1442080 566040 1442140 565980 1442140 565980 1442380 565800 1442380 565800 1442440 565740 1442440 565740 1442500 565680 1442500 565680 1442980 565380 1442980 565380 1443280 565080 1443280 565080 1443580 564780 1443580 564780 1443880 564480 1443880 564480 1444180 564240 1444180 564240 1444240 564180 1444240 564180 1444480 563940 1444480 563940 1444540 563880 1444540 563880 1444780 563700 1444780 563700 1444840 563640 1444840 563640 1444900 563580 1444900 563580 1445080 563400 1445080 563400 1445140 563340 1445140 563340 1445260 563280 1445260 563280 1445680 562980 1445680 562980 1445860 563040 1445860 563040 1445920 563100 1445920 563100 1445980 563220 1445980 563220 1446040 563280 1446040 563280 1446100 563340 1446100 563340 1446160 563400 1446160 563400 1446220 563520 1446220 563520 1446280 563280 1446280 563280 1446580 563100 1446580 563100 1446640 563160 1446640 563160 1446700 563220 1446700 563220 1446760 563280 1446760 563280 1446880 562980 1446880 562980 1447180 562680 1447180 562680 1447480 562380 1447480 562380 1447780 562080 1447780 562080 1448080 561840 1448080 561840 1448140 561780 1448140 561780 1448680 561480 1448680 561480 1448980 561180 1448980 561180 1449280 560880 1449280 560880 1449580 560580 1449580 560580 1449880 560280 1449880 560280 1450180 559980 1450180 559980 1450780 559680 1450780 559680 1451080 559380 1451080 559380 1451380 559080 1451380 559080 1451680 558780 1451680 558780 1451980 558480 1451980 558480 1452280 558180 1452280 558180 1452880 557880 1452880 557880 1453180 557580 1453180 557580 1453480 557280 1453480 557280 1453780 556980 1453780 556980 1454080 556680 1454080 556680 1454380 556380 1454380 556380 1454680 556080 1454680 556080 1455280 555780 1455280 555780 1455580 555480 1455580 555480 1455880 555180 1455880 555180 1456180 554880 1456180 554880 1456480 554580 1456480 554580 1456780 554280 1456780 554280 1457380 553980 1457380 553980 1457680 553680 1457680 553680 1457980 553380 1457980 553380 1458280 553080 1458280 553080 1458580 552780 1458580 552780 1458880 552480 1458880 552480 1459180 552180 1459180 552180 1459780 551880 1459780 551880 1460080 551580 1460080 551580 1460380 551280 1460380 551280 1460680 550980 1460680 550980 1460980 550680 1460980 550680 1461280 550380 1461280 550380 1461580 550080 1461580 550080 1462180 549780 1462180 549780 1462480 549480 1462480 549480 1462780 549180 1462780 549180 1463080 548880 1463080 548880 1463380 548580 1463380 548580 1463680 548280 1463680 548280 1463980 547980 1463980 547980 1464280 547740 1464280 547740 1464340 547680 1464340 547680 1464880 547380 1464880 547380 1465180 547080 1465180 547080 1465480 546780 1465480 546780 1465780 546480 1465780 546480 1466080 546240 1466080 546240 1466140 546480 1466140 546480 1466440 546780 1466440 546780 1466740 547080 1466740 547080 1467040 547680 1467040 547680 1467340 547980 1467340 547980 1467640 548280 1467640 548280 1467940 548580 1467940 548580 1468240 549180 1468240 549180 1468540 549480 1468540 549480 1468840 549780 1468840 549780 1469140 550080 1469140 550080 1469440 550380 1469440 550380 1469680 550440 1469680 550440 1469740 550980 1469740 550980 1470040 551280 1470040 551280 1470340 551580 1470340 551580 1470640 551880 1470640 551880 1470880 551940 1470880 551940 1470940 552480 1470940 552480 1471240 552780 1471240 552780 1471540 553080 1471540 553080 1471840 553380 1471840 553380 1472080 553440 1472080 553440 1472140 553980 1472140 553980 1472440 554280 1472440 554280 1472740 554580 1472740 554580 1473040 554880 1473040 554880 1473340 555480 1473340 555480 1473640 555780 1473640 555780 1473940 556080 1473940 556080 1474240 556380 1474240 556380 1474540 556980 1474540 556980 1474840 557280 1474840 557280 1475140 557580 1475140 557580 1475440 557880 1475440 557880 1475740 558480 1475740 558480 1476040 558780 1476040 558780 1476340 559080 1476340 559080 1476640 559380 1476640 559380 1476940 559980 1476940 559980 1477240 560280 1477240 560280 1477540 560580 1477540 560580 1477840 560880 1477840 560880 1478140 561480 1478140 561480 1478440 561780 1478440 561780 1478740 562080 1478740 562080 1479040 562380 1479040 562380 1479340 562980 1479340 562980 1479640 563280 1479640 563280 1479940 563580 1479940 563580 1480240 563880 1480240 563880 1480540 564480 1480540 564480 1480840 564780 1480840 564780 1481140 565080 1481140 565080 1481440 565380 1481440 565380 1481740 565680 1481740 565680 1481980 565740 1481980 565740 1482040 566280 1482040 566280 1482340 566580 1482340 566580 1482640 566880 1482640 566880 1482940 567180 1482940 567180 1483180 567240 1483180 567240 1483240 567780 1483240 567780 1483540 568080 1483540 568080 1483840 568380 1483840 568380 1484140 568680 1484140 568680 1484380 568740 1484380 568740 1484440 569280 1484440 569280 1484740 569580 1484740 569580 1485040 569880 1485040 569880 1485340 570180 1485340 570180 1485580 570240 1485580 570240 1485640 570780 1485640 570780 1485940 571080 1485940 571080 1486240 571380 1486240 571380 1486540 571680 1486540 571680 1486780 571740 1486780 571740 1486840 572280 1486840 572280 1487140 572580 1487140 572580 1487440 572880 1487440 572880 1487740 573480 1487740 573480 1488040 573780 1488040 573780 1488340 574080 1488340 574080 1488640 574380 1488640 574380 1488940 574680 1488940 574680 1489180 574740 1489180 574740 1489240 575280 1489240 575280 1489540 575580 1489540 575580 1489840 575880 1489840 575880 1490140 576180 1490140 576180 1490380 576240 1490380 576240 1490440 576780 1490440 576780 1490740 577080 1490740 577080 1491040 577380 1491040 577380 1491340 577680 1491340 577680 1491580 577740 1491580 577740 1491640 578280 1491640 578280 1491940 578580 1491940 578580 1492240 578880 1492240 578880 1492540 579180 1492540 579180 1492840 579780 1492840 579780 1493140 580080 1493140 580080 1493440 580380 1493440 580380 1493740 580680 1493740 580680 1493980 580740 1493980 580740 1494040 581280 1494040 581280 1494340 581580 1494340 581580 1494640 581880 1494640 581880 1494940 582180 1494940 582180 1495180 582240 1495180 582240 1495240 582780 1495240 582780 1495540 583080 1495540 583080 1495840 583380 1495840 583380 1496140 583680 1496140 583680 1496440 584280 1496440 584280 1496740 584580 1496740 584580 1497040 584880 1497040 584880 1497340 585180 1497340 585180 1497640 585780 1497640 585780 1497940 586080 1497940 586080 1498240 586380 1498240 586380 1498540 586680 1498540 586680 1498840 587280 1498840 587280 1499140 587580 1499140 587580 1499440 587880 1499440 587880 1499740 588180 1499740 588180 1499980 588240 1499980 588240 1500040</gml:posList>
            </gml:LinearRing>
          </gml:exterior>
        </gml:Polygon>
      </eop:extentOf>
    </eop:MaskFeature>
  </eop:maskMembers>
</eop:Mask>
